w(GeV)		 simga_{QE} (mb/GeV sr)		 sigma_{MEC} (mb/GeV sr)		 sigma_{inclusive} (mb/GeV sr)
0.159302 0 6.83586 7.61673
0.158506 0 6.93422 7.68191
0.15771 0 7.03401 7.75594
0.156914 0 7.13524 7.83055
0.156118 0 7.23792 7.90487
0.155322 0 7.34207 7.97827
0.154526 0 7.4477 8.05627
0.15373 0 7.55483 8.1396
0.152934 0 7.66346 8.2231
0.152139 0 7.77361 8.30456
0.151343 0 7.88529 8.39024
0.150547 0 7.9985 8.47594
0.149751 0 8.11328 8.57006
0.148955 0 8.22962 8.65975
0.148159 0 8.34754 8.75098
0.147363 0 8.46704 8.84594
0.146567 0 8.58814 8.94109
0.145771 0 8.71085 9.0419
0.144975 0 8.83517 9.142
0.144179 0 8.96111 9.24911
0.143383 0 9.08869 9.35757
0.142587 0 9.21791 9.46886
0.141791 0 9.34878 9.5848
0.140995 0 9.4813 9.70185
0.140199 0 9.61548 9.82207
0.139403 0 9.75133 9.94352
0.138607 0 9.88885 10.0674
0.137812 0 10.028 10.1943
0.137016 0 10.1689 10.3233
0.13622 0 10.3115 10.4541
0.135424 0 10.4557 10.5878
0.134628 0 10.6017 10.7228
0.133832 0 10.7493 10.86
0.133036 0 10.8986 10.9996
0.13224 0 11.0496 11.141
0.131444 0 11.2023 11.2844
0.130648 0 11.3567 11.43
0.129852 0 11.5127 11.5772
0.129056 0 11.6705 11.7263
0.12826 0 11.8299 11.8775
0.127464 0 11.9909 12.0305
0.126668 0 12.1537 12.1852
0.125872 0 12.3181 12.3419
0.125076 0 12.4841 12.5002
0.12428 0 12.6518 12.6603
0.123485 0 12.8211 12.8222
0.122689 0 12.992 12.9858
0.121893 0 13.1645 13.151
0.121097 0 13.3386 13.3179
0.120301 0 13.5143 13.4865
0.119505 0 13.6915 13.6566
0.118709 0 13.8703 13.8284
0.117913 0 14.0506 14.0017
0.117117 0 14.2323 14.1757
0.116321 0 14.4156 14.3521
0.115525 0 14.6003 14.53
0.114729 0 14.7865 14.7093
0.113933 0 14.9741 14.89
0.113137 0 15.163 15.0722
0.112341 0 15.3533 15.2557
0.111545 0 15.5449 15.4406
0.110749 0 15.7379 15.6268
0.109953 0 15.9321 15.8142
0.109157 0 16.1275 16.003
0.108362 0 16.3242 16.1929
0.107566 0 16.522 16.384
0.10677 0 16.7209 16.5763
0.105974 0 16.9209 16.7697
0.105178 0 17.122 16.9641
0.104382 0 17.3241 17.1596
0.103586 0 17.5271 17.3561
0.10279 0 17.7311 17.5535
0.101994 0 17.936 17.7519
0.101198 0 18.1417 17.9511
0.100402 0 18.3482 18.1511
0.0996062 0 18.5554 18.3519
0.0988102 0 18.7633 18.5535
0.0980143 0 18.9719 18.7557
0.0972183 0 19.1811 18.9585
0.0964224 0 19.3908 19.162
0.0956264 0 19.601 19.3659
0.0948305 0 19.8116 19.5703
0.0940345 -0 20.0226 19.7752
0.0932386 -0 20.2339 19.9804
0.0924426 -0 20.4455 20.1859
0.0916467 -0 20.6573 20.3917
0.0908508 -0 20.8692 20.5977
0.0900548 -0 21.0812 20.8039
0.0892589 -0 21.2933 21.0101
0.0884629 -0 21.5053 21.2164
0.087667 -0 21.7172 21.4226
0.086871 -0 21.929 21.6288
0.0860751 -0 22.1405 21.8348
0.0852791 -0 22.3518 22.0406
0.0844832 -0 22.5627 22.2462
0.0836873 -0 22.7732 22.4514
0.0828913 -0 22.9833 22.6563
0.0820954 -0 23.1928 22.8607
0.0812994 -0 23.4018 23.0647
0.0805035 -0 23.6101 23.2681
0.0797075 -0 23.8177 23.4709
0.0789116 -0 24.0246 23.6731
0.0781156 -0 24.2306 23.8745
0.0773197 -0 24.4358 24.0752
0.0765237 0 24.6401 24.2752
0.0757278 0 24.8434 24.4742
0.0749319 0 25.0457 24.6724
0.0741359 0 25.247 24.8696
0.07334 0.877566 25.4471 25.9434
0.072544 1.1403 25.6461 26.4014
0.0717481 1.43417 25.8439 26.8894
0.0709521 1.76099 26.0405 27.4093
0.0701562 2.12258 26.2358 27.9628
0.0693602 2.52081 26.4298 28.5519
0.0685643 2.95754 26.6226 29.1783
0.0677684 3.43468 26.814 29.8439
0.0669724 3.9541 27.0041 30.5506
0.0661765 4.51769 27.1928 31.3002
0.0653805 5.12734 27.3802 32.0947
0.0645846 5.78491 27.5662 32.9359
0.0637886 6.49225 27.7508 33.8257
0.0629927 7.25115 27.9341 34.7658
0.0621967 8.0634 28.1161 35.7581
0.0614008 8.9307 28.2967 36.8042
0.0606048 9.85471 28.476 37.906
0.0598089 10.837 28.654 39.0649
0.059013 11.8791 28.8308 40.2824
0.058217 12.9823 29.0064 41.5601
0.0574211 14.1479 29.1808 42.8992
0.0566251 15.3771 29.3541 44.3009
0.0558292 16.6708 29.5263 45.7662
0.0550332 18.0299 29.6975 47.2961
0.0542373 19.455 29.8677 48.8911
0.0534413 20.9464 30.0371 50.5518
0.0526454 22.5045 30.2055 52.2784
0.0518495 24.1291 30.3731 54.071
0.0510535 25.8199 30.54 55.9292
0.0502576 27.5763 30.7062 57.8525
0.0494616 29.3972 30.8716 59.84
0.0486657 31.2815 31.0365 61.8903
0.0478697 33.2274 31.2007 64.0019
0.0470738 35.2328 31.3642 66.1726
0.0462778 37.295 31.5271 68.3998
0.0454819 39.4111 31.6892 70.6805
0.0446859 41.5775 31.8506 73.0111
0.04389 43.79 32.0111 75.3873
0.0430941 46.0438 32.1706 77.8042
0.0422981 48.3336 32.3289 80.2563
0.0415022 50.6531 32.4857 82.7373
0.0407062 52.9955 32.6408 85.2401
0.0399103 55.3531 32.7939 87.7567
0.0391143 57.7173 32.9446 90.2781
0.0383184 60.0785 33.0924 92.7945
0.0375224 62.4264 33.2368 95.2949
0.0367265 64.7492 33.3773 97.7672
0.0359306 67.0345 33.5132 100.198
0.0351346 69.2684 33.6439 102.574
0.0343387 71.4361 33.7686 104.879
0.0335427 73.5216 33.8867 107.095
0.0327468 75.5077 33.9974 109.207
0.0319508 77.3762 34.1001 111.193
0.0311549 79.1081 34.1942 113.036
0.0303589 80.6836 34.2793 114.715
0.029563 82.0823 34.355 116.208
0.028767 83.2837 34.4212 117.496
0.0279711 84.2676 34.4781 118.557
0.0271752 85.0144 34.526 119.373
0.0263792 85.5057 34.5652 119.926
0.0255833 85.7253 34.5963 120.2
0.0247873 85.6594 34.6196 120.181
0.0239914 85.2975 34.6346 119.859
0.0231954 84.6332 34.6399 119.228
0.0223995 83.6645 34.6325 118.283
0.0216035 82.3947 34.6072 117.025
0.0208076 80.8322 34.557 115.455
0.0200117 78.9913 34.4752 113.582
0.0192157 76.8913 34.3612 111.417
0.0184198 74.5566 34.2341 108.99
0.0176238 72.0158 34.1603 106.36
0.0168279 69.301 34.2932 103.642
0.0160319 66.4469 34.4883 101.01
0.015236 63.4893 34.6853 98.293
0.01444 60.4644 34.8838 95.5157
0.0136441 57.4074 35.0829 92.7132
0.0128481 54.3519 35.2818 89.9192
0.0120522 51.3291 35.4789 87.1647
0.0112563 48.3668 35.6722 84.4774
0.0104603 45.4899 35.8586 81.8813
0.00966437 42.7197 36.0336 79.3964
0.00886842 40.0745 36.1908 77.0385
0.00807248 37.5698 36.3206 74.8191
0.00727653 35.2197 36.4086 72.7455
0.00648059 33.0377 36.4324 70.8199
0.00568464 31.0396 36.3567 69.0392
0.0048887 29.2473 36.1236 67.3927
0.00409275 27.6984 35.6333 65.8591
0.00329681 26.4668 34.7048 64.4025
0.00250086 25.724 32.9838 62.9745
0.00170492 25.9701 29.7104 61.6061
0.000908971 29.4752 23.0753 61.6014
